95
37 0.684
2 0.6
24 0.975
9 0.592
8000 0.500
67 0.754
17 0.511
47 0.580
67 0.886
49 0.904
33 0.720
27 0.504
68 0.579
11 0.872
31 0.837
53 0.728
64 0.828
64 0.833
11 0.501
94 0.726
41 0.797
66 0.532
59 0.759
57 0.884
13 0.720
3984 0.930
85 0.725
100 0.685
77 0.676
3 1.0
16 0.975
5 0.678
35 0.934
2 0.684
3127 0.873
20 0.75
200 0.999
82 0.985
81 0.743
9 0.938
26 0.638
65 0.686
43 0.824
10 0.600
5 0.615
2 1.000
2788 0.719
2 0.574
65 0.974
40 0.553
27 0.517
20 0.591
17 0.882
65 0.582
4 0.949
84 0.960
2000 0.5
3 0.5
91 0.844
7 0.505
43 0.710
9 0.87
8000 1.000
100 0.586
75 0.551
4 1.0
28 0.786
38 0.515
42 0.533
2 1.0
81 0.825
16 0.599
62 0.646
98 0.779
21 0.637
36 0.762
2 0.500
29 0.711
26 0.509
4664 0.797
56 0.818
37 0.853
82 0.993
38 0.964
91 0.736
91 0.907
46 0.816
88 0.863
4242 0.705
98 0.790
98 0.752
92 0.806
84 0.983
8000 0.684
9 0.593
