150
4 14
34 5 13
17 0 8
41 4 9
8 6 14
34 130
120 15 130
84 67 130
52 28 130
87 48 130
57 0 72
2 35 130
40 0 91
119 0 124
24 45 130
80 24 127
118 46 130
36 1 130
97 88 130
83 8 59
59 60 130
89 37 130
38 0 127
129 81 130
124 0 122
8 2 130
117 30 56
67 81 130
34 0 130
0 0 51
86 1 68
79 27 102
90 0 113
138 76 130
44 4 105
109 21 130
136 0 50
15 0 113
30 0 94
11 69 111
28 140
31 4 140
13 59 140
28 0 93
43 25 140
49 0 81
44 19 140
37 45 140
40 0 115
21 0 120
23 0 108
34 11 140
32 0 99
22 0 102
36 102 140
12 49 140
47 0 129
50 24 140
14 0 125
35 0 101
5 0 129
24 4 140
46 64 100
8 0 127
19 59 97
36 0 85
48 0 106
11 33 140
2 71 140
29 958
43 363 958
94 287 958
1 0 435
79 0 583
92 0 920
67 0 766
69 197 958
30 0 893
100 0 688
54 449 702
53 523 958
8 0 739
22 0 943
68 388 958
7 0 667
45 21 958
84 62 534
88 150 958
60 0 885
89 28 516
17 22 952
99 143 958
10 199 958
31 0 563
0 0 788
62 67 958
38 91 958
76 0 620
41 342 958
50 95662
100000 0 93203
15939 39408 95662
78233 21417 59680
22573 46808 95662
95680 3718 95662
78760 6616 95662
21630 0 77763
42744 1685 95662
10371 42696 95662
6369 1349 95662
89185 0 75805
91209 34392 95662
76695 3382 95662
54379 0 63756
42216 39621 82781
82123 0 43177
50210 0 95592
63650 36896 95662
40199 0 55491
5220 0 74153
75650 1166 95662
8907 0 64871
91418 0 64500
3037 0 78739
75613 19193 95662
75828 0 90529
530 0 77094
74088 38946 95662
29122 0 56589
90981 0 69076
89895 829 95662
6093 21209 95662
25741 0 36098
18447 0 61571
16632 0 46451
52633 21435 95662
67699 12822 95662
98371 0 58226
51423 57171 95662
95708 0 94894
37474 0 85265
60686 4109 82359
85003 26420 95662
78263 0 92050
42384 0 55804
1308 44365 95662
51979 9998 95662
90596 0 83376
81879 0 77547
84959 33586 82011
11 125
21 3 92
91 36 125
1 50 125
49 0 88
86 28 125
31 13 125
41 0 117
73 0 41
54 62 125
22 35 125
3 0 101
8 85
8 0 85
27 46 84
58 0 80
73 20 54
34 0 32
4 0 78
93 0 78
85 13 55
44 711
1 16 642
22 190 711
2 138 711
23 0 546
43 63 711
16 0 530
14 201 711
54 136 711
46 0 670
62 212 711
47 0 666
27 160 711
34 139 711
17 140 711
21 0 638
15 288 711
57 0 463
4 0 681
60 0 416
42 41 347
8 0 401
28 80 711
6 0 243
20 311 509
39 231 495
30 0 638
53 22 711
13 49 625
19 0 201
56 89 711
45 436 630
12 186 711
24 136 711
33 0 593
51 0 366
0 375 711
44 237 711
37 0 625
29 0 615
9 402 561
26 0 687
5 0 687
49 0 665
7 0 556
40 724
85 0 619
108 0 586
62 141 724
55 78 724
37 146 628
6 0 426
123 0 684
67 143 405
120 213 724
101 128 675
124 0 549
127 68 724
116 0 647
75 1 724
54 0 512
40 0 284
32 11 724
61 413 724
90 0 290
76 0 476
24 233 724
41 0 345
114 0 476
51 126 724
96 0 416
118 93 487
19 23 724
43 0 416
44 0 514
53 219 724
100 314 724
45 72 712
92 157 724
39 163 724
3 86 724
33 233 724
57 0 623
4 0 413
66 0 318
104 18 724
30 481
115 0 322
118 152 262
17 0 326
111 154 481
45 0 229
94 0 360
101 223 481
72 265 481
55 0 129
54 125 467
10 0 371
87 0 439
59 60 481
13 84 211
38 320 481
102 59 233
51 316 481
23 271 481
2 0 284
64 0 451
31 0 481
74 0 465
36 50 481
37 0 435
76 0 312
50 0 407
57 0 402
109 228 481
33 112 425
61 166 481
15 746
11 382 746
8 0 739
5 123 746
38 78 746
81 466 674
65 0 598
31 357 727
39 99 697
82 0 305
0 0 679
33 0 518
66 0 468
54 0 664
67 237 736
43 0 624
49 883
25 0 791
85 0 383
57 0 847
45 0 629
49 0 849
35 241 883
30 0 693
17 0 864
73 144 383
2 73 883
68 162 360
88 0 601
48 21 883
5 0 610
65 159 883
43 108 883
24 0 756
34 0 742
56 0 757
27 86 883
8 77 837
52 0 865
67 40 632
0 72 883
83 210 883
75 0 643
64 17 883
76 0 690
15 661 877
6 0 224
38 0 577
15 0 451
12 397 883
63 281 566
61 0 479
81 0 859
44 219 883
13 18 883
29 64 883
79 63 883
55 442 704
51 168 883
60 278 883
86 0 723
74 0 843
40 203 795
10 247 883
28 92 883
84 328 883
3 9
33 0 6
66 0 9
99 3 9
21 161
52 0 85
20 0 65
18 44 161
49 39 127
42 20 161
32 42 161
21 93 161
68 0 101
79 0 66
6 12 66
82 50 161
81 48 161
13 7 161
12 107 161
1 0 146
23 68 161
36 0 161
57 104 161
9 1 161
71 103 161
16 29 161
25 327
6 36 220
24 58 327
4 0 269
14 0 195
75 0 311
90 0 237
33 24 205
107 90 327
51 75 327
64 0 317
65 0 243
53 56 327
66 28 327
18 28 107
62 131 327
68 162 279
23 21 327
16 0 134
52 0 247
55 225 327
27 204 327
73 0 145
102 112 260
8 0 188
35 0 235
18 361
2 148 361
30 50 361
27 0 348
25 0 276
38 3 361
17 0 327
28 82 361
24 0 265
32 147 361
8 149 361
34 25 306
33 46 361
19 37 361
5 0 338
6 14 361
22 116 321
20 0 131
37 55 361
27 176
2 9 176
57 7 78
19 79 176
3 56 101
39 0 170
16 31 176
59 0 75
20 116 160
1 54 176
28 0 123
0 37 77
31 8 176
8 0 37
34 20 176
53 24 112
42 0 142
46 0 171
63 90 176
56 74 176
4 82 176
29 0 164
11 68 176
9 46 176
47 89 151
15 0 135
36 0 140
37 8 176
11 331
38 98 282
51 0 292
47 0 165
49 27 331
22 99 331
67 158 331
68 98 169
25 0 301
18 0 155
36 0 224
40 0 302
30 954
37 140 954
45 297 954
50 42 954
39 125 954
34 481 954
44 39 954
26 0 916
58 696 954
19 353 878
54 0 647
48 623 954
52 251 954
16 0 920
18 209 954
14 478 822
47 198 954
38 227 954
28 285 954
42 0 779
31 482 954
0 0 881
57 481 756
3 0 536
17 113 954
51 179 659
32 0 628
30 14 954
5 0 589
23 313 521
12 256 954
12 680
65 318 680
10 255 680
2 168 680
31 83 680
38 217 680
62 80 680
13 271 528
14 97 324
72 435 621
78 151 391
48 0 680
70 0 553
50 97756
100000 0 54175
19016 0 67626
78315 0 62848
4726 22222 94058
55400 0 59289
10639 55205 97756
4706 0 86529
32779 51166 97756
44558 0 43229
41952 26065 97756
71041 11622 97756
58382 0 97756
44365 9426 97756
45891 27462 97756
97623 0 49691
38914 19504 66727
28665 0 66699
32282 3988 97756
74957 0 91015
17799 0 97533
20760 0 69981
76378 0 78622
61602 0 54554
59706 0 67166
33016 0 70498
12112 0 75739
98696 0 84523
81202 0 62077
10310 0 76293
125 29080 97756
89181 12379 74389
32465 0 65516
71989 0 68472
52686 8757 45106
86427 0 96367
61301 0 78921
55510 19162 97756
99642 30056 97756
55546 24606 97756
89194 1977 55850
35503 0 75944
49800 0 72812
3671 0 43671
16797 59421 97756
44087 11308 97756
20754 0 53477
72359 0 60072
33546 29635 80484
4422 64667 97756
19561 7449 97756
4 328
7 0 197
26 209 328
29 0 243
2 115 328
7 184
30 0 156
26 0 168
58 0 106
74 24 184
28 91 184
31 10 184
21 0 141
37 730
47 0 295
54 35 583
20 0 651
28 72 730
58 284 546
19 83 730
56 65 438
77 30 730
3 0 709
74 56 730
4 0 519
42 187 444
69 0 653
51 108 730
67 305 621
18 347 730
29 244 467
25 305 633
72 65 431
31 126 343
68 98 730
70 220 533
87 0 617
65 0 730
45 0 620
91 172 336
66 0 677
46 358 605
50 280 730
33 0 273
92 0 723
9 0 671
53 0 533
24 0 342
81 470 730
36 0 407
39 0 324
41 939
5 0 894
115 218 939
1 28 686
87 0 939
111 583 939
85 541 939
11 0 639
21 0 411
117 354 899
121 414 939
101 0 684
88 0 818
16 304 939
86 0 913
73 539 903
106 265 939
61 116 939
84 429 939
118 182 723
13 6 939
43 62 939
105 492 939
83 555 939
70 180 939
38 0 794
42 0 772
108 0 651
17 0 624
55 12 939
4 0 903
44 253 939
58 0 530
39 526 939
93 253 939
119 0 717
24 72 939
33 0 570
66 80 939
56 327 939
67 175 939
95 230 939
39 426
35 207 351
21 0 257
23 0 379
16 0 359
17 90 426
54 231 364
11 132 426
49 168 426
34 0 376
13 0 175
47 55 426
25 335 426
53 103 342
29 37 312
7 164 426
12 74 426
45 15 426
3 0 243
41 0 385
48 194 426
39 0 386
22 96 426
37 95 297
8 30 426
43 116 426
20 0 362
44 85 426
50 0 410
10 238 426
28 0 425
38 202 426
40 0 342
0 0 313
52 121 426
36 80 426
4 121 426
24 6 426
51 263 426
19 130 426
38 927
83 0 679
23 251 590
49 0 260
71 15 927
29 372 927
7 121 927
6 0 777
57 190 689
37 81 927
65 38 927
21 484 927
43 584 927
82 0 629
35 214 927
28 0 565
79 550 794
10 120 927
1 0 448
89 0 865
97 79 291
67 637 923
80 262 927
34 0 927
8 321 772
25 0 736
96 118 313
15 0 683
33 0 753
24 472 927
76 0 475
47 417 927
13 0 647
98 0 621
78 247 927
64 477 927
20 373 927
32 237 884
55 96 927
41 775
62 0 218
14 114 775
9 0 502
4 0 642
10 64 775
6 382 775
56 280 775
59 0 574
78 0 516
38 412 775
41 0 623
33 0 629
54 1 602
62 375 775
50 0 671
43 18 502
16 0 422
51 0 666
48 0 396
47 209 775
44 0 633
40 0 440
13 0 608
20 0 654
72 401 775
73 497 775
18 0 240
58 0 615
26 0 381
3 0 318
55 0 288
45 81 378
80 0 362
19 128 775
23 0 707
2 0 259
64 222 775
24 0 698
68 398 775
42 280 775
61 0 739
27 650
98 193 650
60 0 325
73 0 358
12 0 548
81 0 414
22 320 650
53 199 474
90 0 612
27 242 650
66 0 495
13 0 648
9 104 598
91 437 650
68 51 650
103 8 650
21 95 650
49 0 315
104 501 644
83 0 377
99 0 558
56 0 628
72 0 190
41 350 650
28 437 648
1 355 650
95 0 510
32 170 650
36 992
109 52 992
10 0 714
123 582 992
51 0 855
18 0 665
5 106 992
124 243 992
55 281 683
90 0 835
115 245 992
34 194 992
89 0 967
79 421 992
107 0 481
2 292 786
75 0 350
87 148 779
1 0 815
49 0 494
35 0 540
63 324 992
42 250 949
105 5 992
66 0 971
19 0 893
23 61 992
94 0 826
4 0 825
98 0 960
40 0 519
76 0 618
121 0 958
69 24 992
33 0 871
118 0 905
45 0 967
10 79
36 9 79
40 0 79
49 0 61
6 0 22
18 8 53
65 13 79
63 56 79
9 0 45
75 18 79
38 1 46
9 414
100 283 414
4 79 383
67 74 414
37 0 307
80 66 414
63 80 291
89 0 409
77 73 414
12 0 390
50 100000
0 1 100000
1 0 99999
2 1 100000
3 0 99999
4 1 100000
5 0 99999
6 1 100000
7 0 99999
8 1 100000
9 0 99999
10 1 100000
11 0 99999
12 1 100000
13 0 99999
14 1 100000
15 0 99999
16 1 100000
17 0 99999
18 1 100000
19 0 99999
20 1 100000
21 0 99999
22 1 100000
23 0 99999
24 1 100000
25 0 99999
26 1 100000
27 0 99999
28 1 100000
29 0 99999
30 1 100000
31 0 99999
32 1 100000
33 0 99999
34 1 100000
35 0 99999
36 1 100000
37 0 99999
38 1 100000
39 0 99999
40 1 100000
41 0 99999
42 1 100000
43 0 99999
44 1 100000
45 0 99999
46 1 100000
47 0 99999
48 1 100000
49 0 99999
10 343
6 31 343
5 1 343
1 0 270
3 43 343
28 0 315
19 0 312
10 0 172
27 11 343
11 0 148
8 0 276
20 700
26 2 401
68 381 700
16 170 700
52 56 700
10 0 642
22 0 624
17 0 406
53 0 556
2 379 700
46 286 700
71 119 700
47 106 700
19 0 435
6 0 679
30 0 214
62 0 330
37 39 700
80 87 612
79 0 405
27 73 700
45 445
40 109 418
55 0 349
45 0 173
24 211 445
49 41 445
47 86 445
51 286 405
66 0 386
54 244 445
9 0 207
14 0 162
39 29 445
61 0 187
37 279 401
36 0 389
28 218 366
56 0 403
17 50 445
44 37 445
8 2 402
31 253 445
68 249 424
15 6 283
20 134 445
5 195 445
42 282 445
26 0 299
13 174 445
2 0 373
46 0 285
21 26 445
6 0 172
4 59 445
38 82 300
70 151 295
41 48 445
43 59 435
7 24 445
62 155 445
0 0 229
3 0 264
16 0 427
53 78 445
64 0 236
30 154 445
2 218
0 0 170
27 0 207
14 799
18 0 424
22 100 435
8 0 389
36 0 451
9 278 799
26 425 799
23 5 201
16 0 742
47 178 799
11 88 799
21 384 799
43 0 697
15 49 799
7 0 575
49 59
0 7 59
44 15 32
46 34 59
40 27 59
4 14 59
41 0 57
16 43 59
42 0 34
6 0 22
47 22 59
26 0 38
55 0 55
30 1 59
27 0 54
1 18 59
29 0 57
57 33 59
53 4 59
65 0 56
32 0 47
58 30 59
22 0 41
62 11 59
49 29 59
15 0 51
43 0 45
45 6 59
9 17 59
56 23 59
60 27 59
8 0 24
38 20 59
34 22 55
5 18 48
67 0 55
18 1 55
20 32 59
24 25 59
23 0 51
31 6 25
6 24 59
52 0 33
54 0 58
14 6 59
61 0 37
16 26 38
66 0 50
2 0 54
21 8 59
46 654
41 292 488
85 0 431
88 64 654
95 264 459
26 425 654
43 0 265
8 0 540
18 214 654
50 128 654
48 0 608
71 214 654
35 212 654
76 221 654
69 3 654
66 126 654
20 489 646
44 365 654
47 107 654
79 26 270
30 176 654
56 0 640
89 94 253
1 433 654
21 0 283
32 143 390
2 0 353
72 126 654
61 191 654
86 395 654
55 14 654
17 0 464
93 0 282
57 0 459
28 0 551
54 0 508
64 0 585
90 51 654
78 324 654
52 0 460
68 214 654
25 66 654
34 256 654
16 204 654
53 142 654
67 0 591
14 29 654
16 819
76 0 357
15 141 819
45 0 556
61 275 819
18 214 819
49 0 507
68 0 412
23 0 679
49 554 819
81 45 285
35 0 482
34 230 442
82 39 819
42 328 819
10 438 819
59 141 771
28 215
84 34 113
96 0 186
65 130 215
23 0 174
44 106 215
87 0 110
13 0 176
37 129 187
52 128 215
49 59 215
2 0 135
19 0 204
6 83 215
83 0 198
72 0 133
123 89 215
71 0 113
63 0 204
43 63 215
78 0 173
42 23 181
45 0 121
86 0 158
102 27 210
75 0 115
35 0 205
55 130 215
124 16 215
8 780
79 468 780
53 0 753
60 0 283
64 233 632
47 191 780
85 0 675
17 496 780
34 0 734
45 268
19 0 217
24 0 181
26 11 112
56 72 268
12 29 268
10 0 117
5 79 171
33 0 104
27 0 252
58 0 107
20 0 120
66 116 261
22 17 268
65 0 249
66 0 67
1 0 200
14 0 231
70 44 112
62 75 268
45 83 189
50 40 268
39 0 268
58 149 268
4 0 191
2 66 241
63 30 243
72 0 265
13 0 254
52 0 195
30 38 112
36 146 234
46 58 268
75 0 205
9 39 268
68 191 268
17 139 246
43 0 115
7 0 236
18 0 131
74 132 268
44 0 215
49 0 257
31 0 211
35 0 155
73 98 181
35 256
62 0 199
119 0 245
30 0 84
52 42 256
66 72 256
98 98 256
46 50 256
82 37 256
71 23 256
64 0 228
111 56 256
88 86 256
100 0 135
81 15 256
112 0 205
12 19 256
10 0 231
116 109 256
27 52 256
91 150 236
17 0 178
90 50 256
42 72 218
32 0 176
16 42 256
2 0 180
24 55 256
93 1 256
102 0 111
75 116 202
34 0 227
13 41 256
95 0 220
9 77 256
109 0 236
12 783
5 0 617
28 208 783
17 255 494
0 40 783
23 235 783
1 433 719
30 61 783
18 0 662
7 0 606
10 371 783
3 0 296
3 389 783
45 888
3 111 888
58 0 517
8 0 834
16 491 855
44 0 523
51 407 628
56 267 888
9 0 702
53 125 888
38 433 888
40 45 888
57 67 582
52 153 853
54 154 888
2 5 888
6 541 888
0 245 888
23 131 888
47 220 888
7 406 888
30 0 710
43 214 888
22 139 888
55 0 657
31 280 719
24 0 595
32 38 888
27 129 888
10 0 342
46 0 798
36 487 888
14 222 888
45 311 888
25 0 741
11 221 888
10 619 888
37 351 888
1 660 843
18 0 588
39 357 715
12 474 888
26 0 583
13 0 713
4 0 673
49 72 488
1 693
71 0 478
46 231
35 0 206
29 34 231
68 0 215
59 0 203
74 29 76
83 0 158
132 91 231
63 33 231
14 32 198
139 1 231
124 126 231
47 13 94
9 0 180
42 0 178
97 0 157
79 0 191
73 77 147
78 45 170
38 72 231
93 0 164
58 32 122
105 0 139
53 164 222
135 22 231
43 30 231
28 0 207
117 21 231
128 0 152
120 52 159
99 0 166
131 0 224
7 62 231
94 0 231
113 0 222
57 0 200
130 54 231
0 0 160
20 0 199
72 0 118
6 33 231
77 48 231
48 110 187
47 156 204
102 0 172
70 0 130
71 0 169
36 131
108 19 131
39 33 131
107 0 61
79 93 131
116 0 99
53 0 128
31 58 90
89 52 131
41 0 114
112 0 126
72 0 100
48 33 131
37 16 131
120 80 131
82 0 100
56 37 131
44 0 118
1 0 104
33 27 70
66 0 116
20 0 76
46 35 74
6 20 74
17 69 131
15 55 131
86 11 131
47 87 121
60 3 131
29 8 131
22 2 32
99 2 131
12 0 106
13 0 128
121 27 62
10 72 131
94 0 83
41 963
12 676 963
15 112 610
69 354 963
3 159 963
1 88 418
4 0 833
24 380 728
63 480 744
38 272 963
61 271 870
24 36 347
55 118 963
47 330 963
71 0 739
18 32 737
14 0 839
48 0 963
9 0 518
57 354 886
11 0 963
35 0 833
20 79 963
45 645 922
41 201 963
29 157 963
60 0 518
59 180 963
32 280 963
31 0 810
64 34 963
36 101 956
5 0 472
68 0 459
37 89 963
51 0 920
40 0 658
65 0 617
8 138 886
23 0 877
19 0 855
58 97 963
8 620
53 0 607
89 384 620
52 454 612
58 397 620
84 186 620
3 0 368
19 0 357
2 0 363
7 30
10 0 10
20 0 10
5 8 21
15 7 20
25 9 22
10 20 30
20 20 30
2 474
25 0 436
85 141 474
27 744
53 317 744
29 0 687
22 0 382
48 124 402
1 212 613
43 290 744
47 282 476
26 256 744
8 301 744
15 0 696
13 309 639
4 443 744
14 117 744
10 0 485
11 0 640
5 160 744
7 0 744
40 0 355
44 182 414
52 63 744
6 0 578
17 0 358
24 0 636
13 0 302
12 0 733
25 0 657
51 0 717
11 15
2 1 7
2 9 15
3 0 4
5 7 13
7 0 8
8 3 6
8 8 15
10 2 9
11 8 13
14 6 15
16 0 6
19 369
46 0 312
79 31 148
62 86 369
79 168 322
1 0 287
17 256 369
86 178 297
63 73 241
45 0 356
51 51 308
53 138 369
72 0 357
60 266 340
66 213 369
91 0 262
34 146 250
67 7 325
61 60 369
94 0 325
16 241
16 49 235
39 0 208
51 23 223
1 186 241
50 123 241
53 75 241
28 0 127
54 31 241
40 0 208
26 153 214
56 0 145
6 114 171
17 48 241
9 97 200
25 9 241
13 0 120
3 461
2 0 459
51 0 153
66 0 156
21 61
70 7 50
28 0 31
41 0 19
106 12 53
16 0 39
116 32 56
113 4 38
118 0 59
50 0 42
68 7 61
86 8 52
125 0 59
11 24 37
9 0 30
3 16 61
27 0 48
120 30 60
30 0 52
45 3 61
29 16 61
48 21 36
22 937
27 0 803
122 18 937
90 0 725
101 123 635
113 186 937
97 104 791
57 716 928
22 122 601
2 170 937
8 0 605
100 0 501
91 0 472
109 25 924
9 340 937
62 41 641
99 0 653
37 93 937
52 0 545
64 68 937
35 89 937
29 338 937
68 0 480
43 922
58 38 502
0 93 922
108 117 922
34 0 854
28 387 922
89 71 922
125 0 609
30 40 472
74 0 922
36 0 345
33 154 922
52 338 922
118 85 778
12 0 356
121 329 922
135 279 922
131 421 635
92 0 435
60 0 670
96 0 689
103 235 922
116 0 607
55 123 922
27 464 922
39 408 922
76 150 898
24 238 922
17 252 922
31 415 922
87 0 807
3 457 721
6 0 654
2 0 539
134 13 200
128 0 425
18 0 820
51 0 892
45 619 826
57 0 421
62 311 530
98 14 922
115 0 680
67 411 922
50 96584
100000 0 94697
73849 14298 96584
93796 24441 96584
13460 24999 96584
10767 56877 96584
92069 44057 96584
75407 62653 96584
96263 10526 96584
3620 9617 74034
59437 0 63032
64203 40718 96283
17953 0 52219
35414 0 67173
59734 10674 96584
78977 0 37380
16388 4097 96584
10495 0 84305
34264 0 42586
53344 0 78592
46596 0 76741
767 0 82734
76046 0 92700
69677 57469 96584
71407 0 78091
66144 0 80435
48261 34023 96584
96994 3717 71988
28809 0 63831
14149 0 96584
97692 0 94155
12011 31215 96584
99283 21773 96584
30636 0 83267
69214 0 72741
9147 0 67523
58603 38955 96584
20284 38889 94358
58663 13951 65504
97228 0 42290
31577 44555 96584
65257 18384 96584
7620 0 78381
62421 0 57178
47356 35657 96584
5542 0 88859
1532 23726 96584
58719 4324 96584
12941 0 83068
48258 0 93141
73165 44971 96584
20 774
6 106 774
54 0 597
41 449 733
82 0 304
105 65 774
36 0 612
31 349 774
57 0 443
94 0 316
108 0 330
58 34 774
12 180 774
9 9 774
74 14 774
80 114 774
13 68 337
70 55 774
104 500 774
76 261 774
5 0 592
45 478
35 0 285
3 215 478
23 214 432
26 0 447
48 92 281
11 41 478
6 112 478
67 156 478
61 0 229
18 158 478
52 0 230
31 0 197
1 0 456
32 0 455
53 0 116
17 257 478
25 61 478
21 176 478
27 244 417
13 1 333
34 3 182
64 0 294
8 293 478
55 0 478
47 0 462
40 0 339
0 0 301
30 118 478
4 0 440
51 264 424
57 0 398
45 202 478
41 21 158
59 161 452
58 319 478
46 178 478
60 0 214
43 0 137
46 0 168
66 30 478
28 0 423
56 112 478
61 293 478
14 0 270
65 180 478
45 169
17 0 148
2 0 116
34 0 164
8 0 147
27 51 169
44 94 169
63 55 169
14 106 169
33 0 94
40 0 161
6 125 169
5 68 169
48 0 52
38 27 169
50 0 69
24 0 159
52 9 169
66 40 156
62 0 153
31 81 116
15 5 67
12 69 164
45 0 67
54 0 112
20 0 125
47 0 89
58 0 112
43 88 169
46 66 169
36 0 163
10 63 169
22 15 122
7 25 97
28 76 169
55 26 169
56 35 169
25 0 96
13 108 169
1 66 130
11 0 125
23 0 121
57 0 166
35 53 169
29 0 134
30 91 169
2 445
86 0 124
49 0 322
18 14
54 5 14
15 1 14
28 6 14
30 0 6
6 5 14
4 7 14
0 0 11
38 0 13
18 0 13
49 0 9
32 0 12
24 1 14
11 0 8
52 11 14
41 2 14
12 5 14
19 0 7
25 9 14
44 332
115 241 307
48 65 332
64 0 250
125 0 183
3 0 224
86 58 332
87 113 332
18 0 268
51 2 108
45 73 283
122 0 305
6 211 332
107 138 332
110 13 332
57 128 332
117 71 332
76 139 332
22 112 332
30 67 332
12 59 332
23 0 271
44 12 332
46 37 297
120 59 332
41 0 316
81 3 177
112 0 318
40 71 139
81 240 332
59 0 265
103 0 293
15 0 219
94 91 332
11 96 332
80 48 332
56 0 255
66 0 316
75 67 332
4 64 332
118 0 307
68 0 312
38 0 254
70 42 332
65 163 332
4 382
39 108 359
83 0 367
38 0 265
60 0 378
22 963
0 72 541
98 77 624
15 204 963
95 62 722
82 341 963
3 430 963
101 632 842
21 0 951
53 420 740
1 135 963
74 244 963
27 0 609
17 0 342
10 305 809
99 479 824
61 0 688
49 0 490
85 0 819
56 0 792
58 0 587
13 2 963
38 0 453
8 71
14 6 71
40 0 66
38 8 49
64 33 71
23 12 71
42 23 71
26 18 64
10 13 71
32 57
34 0 19
113 0 41
118 0 50
82 0 42
114 0 56
17 0 54
93 1 17
101 11 57
65 0 30
37 5 57
72 10 57
95 0 42
29 0 47
33 27 57
120 0 13
0 8 57
40 14 57
45 0 41
116 10 57
67 29 57
63 33 57
70 2 57
78 0 53
18 46 57
122 0 42
64 0 55
10 7 57
30 0 48
90 1 43
11 0 28
60 0 26
32 7 57
25 194
28 0 89
59 0 75
12 0 160
39 62 194
101 95 194
11 0 178
17 36 163
40 0 187
46 0 190
61 135 190
43 0 149
88 0 103
67 0 132
96 50 194
19 0 169
57 0 169
81 0 187
32 0 145
51 63 194
76 0 95
41 11 194
5 7 110
83 3 194
86 0 84
78 0 191
2 597
4 188 553
26 54 372
31 253
9 60 253
91 23 253
46 0 92
60 27 201
90 0 215
4 98 253
50 23 199
101 130 253
45 0 142
42 0 158
43 0 232
53 81 253
49 66 253
7 0 226
21 185 253
51 12 218
68 0 251
99 13 95
5 0 173
54 80 253
31 83 253
16 61 253
3 124 253
23 12 253
76 132 253
84 0 234
13 0 179
72 12 194
34 0 153
48 11 253
24 2 253
41 565
22 0 509
94 0 364
65 0 341
64 22 565
127 8 565
112 0 183
43 266 565
0 312 565
8 93 565
95 92 565
88 0 465
69 0 204
70 43 565
124 207 565
146 308 565
123 0 198
92 48 565
67 89 321
109 336 565
80 203 565
106 226 518
136 286 565
128 0 507
126 48 527
51 0 329
68 0 561
45 0 474
107 67 565
12 254 522
42 161 385
140 89 382
148 246 565
20 0 307
23 0 303
121 105 565
26 0 486
17 0 367
54 0 524
135 0 519
91 0 421
111 0 262
1 1
1 0 1
34 513
12 42 513
72 252 513
70 194 513
44 0 364
9 118 395
90 0 286
63 0 363
27 0 401
52 7 513
3 0 272
76 0 241
36 0 456
6 3 513
57 306 513
64 0 399
55 0 369
45 48 393
58 0 361
31 130 513
59 0 277
16 230 449
75 137 513
39 31 201
28 21 425
23 0 334
42 0 492
88 0 498
11 0 216
47 0 419
22 0 261
86 0 362
2 71 513
49 0 488
7 223 401
29 958
26 179 958
21 22 958
16 142 958
56 0 948
29 214 958
40 183 714
9 162 459
42 165 958
17 252 958
15 0 774
43 0 869
9 483 958
3 346 958
52 54 958
41 346 958
23 272 958
60 166 958
48 7 958
20 0 800
62 262 958
27 0 384
55 0 873
0 542 838
12 252 958
47 0 526
59 145 958
31 93 958
38 210 958
7 0 395
33 449
67 68 318
0 49 449
89 0 328
30 159 449
39 66 449
5 0 439
26 7 449
100 52 238
19 278 449
63 205 449
31 0 230
49 65 449
29 0 387
24 21 449
84 0 240
81 225 376
13 50 394
64 73 449
98 328 449
18 0 388
65 26 449
46 52 449
10 18 449
23 129 449
86 196 449
8 26 449
1 250 449
87 0 342
53 30 449
33 0 211
78 4 449
100 257 449
28 31 427
28 440
67 0 341
23 0 287
28 0 346
88 126 271
50 90 440
39 94 194
74 0 250
52 103 440
85 17 381
8 172 344
6 92 381
45 0 194
89 0 310
63 0 151
43 83 440
65 216 440
46 117 355
58 0 336
19 188 302
11 50 142
1 88 440
81 104 356
29 150 440
5 0 425
30 125 440
70 83 372
7 0 279
55 300 398
27 277
1 20 277
60 0 97
3 15 277
32 5 277
2 40 193
46 68 277
57 3 225
9 78 277
20 6 105
58 49 277
4 31 277
27 19 277
36 0 211
10 0 163
6 0 199
52 0 151
50 136 277
18 0 148
23 0 208
49 32 277
24 66 236
34 78 277
43 49 277
56 15 104
37 0 206
33 92 152
12 166 277
37 768
101 0 342
55 0 618
13 159 768
32 0 582
8 47 768
21 4 612
12 0 218
103 178 768
10 0 300
23 0 726
92 135 371
56 182 768
94 22 424
22 81 676
67 0 489
18 0 734
25 334 580
2 0 561
64 86 276
83 93 768
98 264 471
14 0 465
72 2 743
79 576 761
87 0 474
81 0 697
88 0 631
84 95 768
68 336 768
31 439 768
53 279 768
95 0 621
44 119 594
39 0 676
80 0 578
62 132 436
36 525 768
50 99629
100000 33578 99629
93968 58008 99629
7777 61870 99629
63063 0 97400
49423 0 88597
62415 0 75824
10072 0 56236
62713 0 24174
85176 0 67480
6616 18900 99629
76738 0 51095
57889 26965 99629
38741 20514 99629
70183 81 55049
10602 15490 83959
57447 5268 34357
54944 44803 99629
4636 8185 60844
64296 13420 99629
44812 0 94407
77498 10027 99629
67244 21994 79214
1358 0 37130
27065 0 58248
9235 0 97386
34017 30123 99629
56623 16271 93391
37431 29027 99629
80162 0 63839
24606 0 65291
82671 12616 99629
97632 10606 99629
44487 7651 85687
16618 0 53003
93589 50440 99629
9665 63272 99629
59069 0 90143
54268 0 48718
55186 16785 99629
42975 11523 99629
29368 65377 99629
9458 37811 99629
80076 28844 63130
40271 0 55631
56686 45484 86363
43977 0 65067
4344 35718 89107
28882 0 51635
15018 4056 99629
30523 0 58753
2 392
10 77 215
41 25 332
28 349
12 132 349
7 193 349
1 0 323
36 0 344
15 0 196
39 9 349
7 0 181
4 200 349
20 0 311
35 0 174
19 0 233
27 47 349
42 7 349
2 107 349
34 30 349
9 101 349
17 0 348
3 66 349
26 69 349
18 0 296
29 98 326
21 50 349
43 15 349
23 184 344
8 89 205
28 35 152
31 83 262
0 0 214
1 1
0 0 1
35 887
57 196 887
59 16 887
29 0 658
74 51 812
22 107 887
82 0 448
105 62 887
26 0 757
50 0 696
13 0 782
17 0 847
64 322 887
37 522 887
91 533 822
36 0 521
11 56 887
34 349 887
70 0 772
71 545 887
108 133 887
3 147 887
32 0 833
89 0 821
21 0 681
87 87 887
68 391 887
38 0 684
40 373 887
116 88 467
58 93 887
7 355 887
55 0 481
16 0 706
123 0 867
94 487 887
49 935
42 0 518
68 337 935
27 77 935
25 361 935
24 0 407
29 4 282
12 0 802
56 43 513
8 252 808
11 161 935
31 0 770
0 0 627
36 329 557
16 194 935
49 0 803
19 287 631
18 122 935
61 403 935
20 392 935
1 0 548
52 0 891
62 259 493
64 0 733
33 38 935
9 17 935
67 568 872
37 0 698
71 0 893
38 0 654
34 0 638
70 140 935
2 0 750
13 256 935
17 476 935
40 155 591
26 565 760
22 0 778
55 66 935
26 0 538
15 89 847
54 570 833
60 98 935
43 208 495
53 357 935
5 425 935
7 155 701
23 95 494
65 516 935
41 354 700
22 394
3 0 394
26 0 268
79 0 188
64 0 281
66 0 293
82 0 292
19 0 304
8 14 261
77 0 229
68 0 130
37 0 324
55 0 293
74 100 385
88 0 240
43 190 394
34 171 336
14 8 158
9 34 394
1 0 329
87 13 394
17 0 341
61 44 394
8 399
34 237 399
64 0 203
11 56 399
58 283 392
12 203 399
47 108 399
28 50 399
50 118 399
6 565
0 0 525
28 142 565
18 201 397
25 0 360
33 190 364
16 113 336
45 611
60 42 611
84 0 531
64 4 611
52 43 611
15 0 473
92 122 611
95 244 579
77 110 611
82 215 611
49 29 345
65 34 611
69 0 322
12 186 611
27 0 414
113 0 410
19 234 611
54 0 515
76 0 579
2 0 403
72 0 411
97 34 365
51 0 474
116 0 584
8 0 600
56 180 472
36 419 611
53 89 392
101 0 582
83 0 602
85 0 571
5 40 611
106 58 611
10 156 611
11 170 611
115 59 611
62 281 611
61 135 293
90 0 425
9 136 272
6 0 486
42 0 468
29 242 611
1 155 611
66 357 611
18 0 329
14 853
12 71 598
1 232 853
34 332 607
26 0 672
50 100 853
38 0 613
29 35 853
46 222 853
33 0 756
37 232 853
13 0 398
17 22 636
10 0 472
28 0 702
48 195
130 0 185
46 0 150
18 43 195
0 0 186
17 32 195
31 31 195
89 46 115
94 0 177
101 0 175
84 52 195
95 0 192
108 81 195
52 0 152
2 0 187
14 99 157
134 0 180
119 67 195
72 0 187
125 42 195
8 91 195
21 0 156
113 36 195
88 74 115
6 61 195
115 0 146
116 92 195
34 0 167
40 31 159
98 31 195
39 0 186
7 111 195
87 65 195
77 0 156
4 0 175
61 15 195
138 59 195
11 0 167
137 0 189
55 0 93
142 0 149
30 0 170
29 0 175
126 12 195
49 99 195
45 114 163
20 11 147
57 76 195
70 47 195
28 324
29 121 315
112 51 233
34 0 159
121 0 308
51 0 287
33 140 324
25 145 324
56 41 324
116 130 324
97 0 284
113 0 189
16 55 203
117 0 73
109 13 324
85 252 320
86 166 324
91 39 305
64 0 246
67 46 324
13 0 191
127 158 324
130 81 324
57 0 288
46 0 237
72 128 274
81 214 324
78 58 259
15 105 191
29 635
53 422 555
41 80 635
65 0 402
67 71 635
33 8 246
37 0 630
61 146 635
47 0 541
12 120 635
76 0 511
29 0 544
38 215 557
15 0 507
91 422 635
56 0 456
14 279 486
20 28 635
77 66 618
9 0 563
80 15 263
46 0 633
31 0 335
57 37 635
25 0 497
39 0 338
64 395 635
0 91 635
32 0 452
69 137 398
9 779
2 30 497
15 0 484
35 0 272
21 330 779
13 0 579
44 141 779
17 0 721
4 25 779
42 268 779
35 327
130 0 261
34 121 327
8 153 327
9 101 327
48 191 327
72 0 246
107 0 123
84 0 285
15 67 306
31 148 327
33 55 240
20 0 278
53 14 327
19 95 327
56 211 327
93 235 327
133 156 244
64 0 278
110 25 206
41 27 327
114 127 327
57 73 227
74 0 184
40 59 255
51 198 327
55 32 327
103 213 327
79 53 327
23 0 218
78 60 327
12 0 249
54 100 327
112 83 252
27 110 327
106 0 77
2 928
27 252 609
3 0 420
50 96508
100000 32882 93677
59922 43895 78779
48315 0 91466
32175 0 89598
28528 11643 96508
15318 0 25499
55353 27219 96508
54992 2942 96508
13887 16222 54956
10634 2916 96508
2102 0 24532
67776 30369 60023
41676 42268 96508
60835 44598 96508
37004 70274 95720
61534 75305 94960
44984 10510 96508
58581 28259 96508
27753 6216 32533
9541 1784 21778
59786 0 45375
93771 48077 96508
44584 0 55645
36499 29389 96508
79449 71921 91624
80255 2579 96508
15361 67731 96508
9466 0 90017
74756 0 75314
38462 0 69152
98631 0 34467
15935 47795 89829
36500 0 86218
88905 0 67419
41475 6323 96508
90840 49406 96508
18687 0 87227
11938 0 67274
28684 49605 96508
4507 0 62901
76550 67291 96508
26974 0 85833
68073 20815 96508
19986 60220 96508
47414 0 63611
87381 50744 96508
66492 0 61969
33838 8120 96508
79373 18549 96508
41142 0 52462
32 381
30 40 260
99 58 381
82 193 381
33 0 296
102 0 287
65 100 381
24 0 271
107 0 362
71 152 381
36 129 381
76 70 381
87 273 381
96 0 347
17 0 304
41 0 295
8 0 153
28 9 381
92 154 381
11 55 381
77 80 345
61 68 381
51 266 362
37 0 159
94 150 381
39 0 136
35 25 381
2 64 381
42 67 381
54 114 381
68 25 381
53 235 327
14 0 341
42 427
1 0 309
39 135 427
11 0 328
44 0 288
6 0 412
16 13 427
47 0 284
15 0 357
25 124 427
3 39 427
42 268 368
5 0 342
26 69 262
27 0 320
7 0 252
13 207 388
8 283 427
41 0 240
52 300 427
32 86 427
19 201 415
43 0 377
29 0 395
7 259 427
33 14 394
36 94 427
0 0 359
2 26 353
30 0 380
23 1 399
21 111 427
9 136 427
49 95 427
35 0 402
38 116 232
48 0 302
17 47 401
20 202 427
12 193 427
45 307 427
46 0 344
34 0 174
5 769
5 0 493
74 4 769
10 118 421
34 397 769
35 0 671
20 297
43 121 297
5 121 297
40 171 297
28 115 218
56 36 297
15 216 297
55 137 272
21 0 184
13 55 297
14 2 297
26 201 297
7 44 297
27 123 297
1 73 169
33 107 254
1 189 248
0 0 191
38 26 203
24 0 249
25 18 297
2 100
1 0 49
1 50 100
50 98284
100000 5458 98284
64300 20582 98284
68536 0 71714
77429 38856 89272
98653 37320 98284
65306 0 87157
3805 0 52238
72459 0 58299
78865 0 86428
39435 16623 54774
11897 33115 98284
34572 0 23141
32250 62365 98284
10260 21091 98284
84169 36211 98284
25176 0 74258
39473 3334 86649
7089 23866 98284
55172 60001 98284
50531 32090 98284
99168 0 59733
51628 18641 98284
7660 0 93802
7183 0 82741
79718 14069 98284
25543 0 57058
23496 0 86069
17746 13062 98284
2110 5704 98284
46688 0 97748
76153 54340 77074
3376 2564 75286
98967 6405 98284
23138 7291 98284
24567 31205 98284
89293 46514 98284
28988 0 59831
8648 0 94160
10362 0 76400
52343 9819 98284
95982 24608 70273
79937 0 94564
70490 9285 98284
80488 0 40632
40116 39687 96962
74238 14411 98284
20551 61517 88444
79861 4588 98284
1714 9369 98284
41989 16633 98284
39 676
62 203 676
15 0 651
65 26 676
85 0 676
41 0 440
18 241 676
71 278 676
10 192 676
1 164 350
73 200 676
2 0 514
84 92 571
60 0 461
39 217 382
25 0 481
16 40 676
52 0 318
8 0 538
12 206 676
44 226 676
77 32 676
64 172 676
56 0 654
11 33 676
82 0 415
23 303 676
26 132 676
29 0 535
0 63 676
79 153 676
34 0 397
17 0 456
40 31 676
36 215 676
61 0 657
13 0 260
78 106 676
66 239 676
74 272 676
25 614
3 497 552
3 133 298
12 395 522
9 112 493
11 567 614
0 364 401
4 105 386
2 0 449
4 73 80
4 475 505
6 275 423
1 20 380
10 29 180
0 41 352
8 56 157
6 0 70
11 284 317
7 247 385
10 212 614
8 422 469
12 0 337
8 504 557
1 399 598
3 424 459
0 452 486
7 20
27 8 20
35 0 18
93 11 20
59 3 20
65 12 20
75 0 16
67 2 20
40 356
89 0 169
84 106 356
76 60 152
47 63 356
70 0 143
77 5 356
32 0 98
36 193 265
35 35 223
11 0 278
13 0 304
6 48 356
30 119 356
3 194 356
73 146 244
50 0 325
60 0 253
54 0 254
39 225 356
37 109 356
55 18 109
27 237 356
22 95 356
5 151 239
51 0 317
90 59 356
79 0 200
52 0 172
88 0 293
43 96 313
18 19 356
0 0 309
34 0 202
28 62 356
49 16 356
44 0 118
75 0 188
21 0 345
4 0 100
19 37 356
13 595
19 4 340
25 0 443
51 7 595
23 0 447
9 0 463
58 49 443
1 192 595
59 387 595
36 47 595
29 41 595
4 0 469
57 36 595
62 0 526
12 313
54 5 123
39 50 313
79 0 296
34 0 286
65 236 311
0 77 179
30 0 206
16 0 202
23 0 225
42 132 308
26 0 249
50 0 72
11 485
0 222 485
42 0 285
14 86 458
78 12 455
67 216 485
74 30 485
86 155 485
10 51 301
62 246 485
25 0 417
28 0 185
43 306
42 158 283
56 59 306
65 0 271
66 0 183
50 47 306
8 4 270
88 55 306
55 0 237
29 125 306
25 7 306
46 0 148
80 0 240
28 0 259
30 45 306
62 216 306
53 113 306
77 10 306
82 0 122
70 0 219
89 123 306
61 208 306
6 0 292
14 36 99
87 0 270
15 0 185
17 199 306
12 58 306
58 180 306
34 51 306
10 75 306
63 0 284
3 76 306
4 34 113
2 15 306
68 27 306
71 0 283
38 62 246
22 0 174
32 142 306
72 18 165
43 167 306
48 0 221
24 101 306
33 297
105 40 297
29 107 273
0 0 282
53 43 297
91 0 121
84 107 297
100 0 119
63 164 293
86 0 256
89 4 297
62 130 279
66 70 297
74 1 175
103 120 223
65 0 217
40 35 232
71 0 295
43 43 297
24 0 269
113 0 164
15 103 297
37 0 208
33 0 190
25 78 297
70 126 297
82 106 297
55 0 247
95 0 242
14 0 273
108 3 297
20 216 297
73 158 297
97 114 297
6 435
32 0 245
24 42 435
12 250 435
30 215 435
26 0 376
2 0 269
40 108
75 37 107
33 13 100
40 20 108
120 10 108
121 0 86
17 0 99
38 54 104
44 15 108
24 0 36
71 48 108
122 33 102
112 0 40
45 0 95
109 0 107
97 0 100
18 20 108
104 0 107
7 13 108
42 0 94
125 10 108
76 0 57
92 2 108
91 77 100
62 44 99
102 0 108
66 0 73
4 0 101
50 19 108
114 0 83
77 5 108
8 57 108
13 0 63
127 0 108
106 14 57
117 0 99
22 12 108
81 8 108
119 0 75
85 0 59
105 34 108
36 461
139 0 316
90 9 461
141 202 461
33 111 461
49 222 345
135 4 461
125 60 432
38 161 365
131 0 461
19 158 268
51 66 196
123 0 414
63 87 398
75 0 349
57 0 296
3 150 335
50 206 461
37 189 461
32 0 440
111 225 354
46 40 461
39 3 461
31 0 218
87 76 461
119 102 461
61 142 461
67 0 377
76 64 461
15 348 461
24 0 269
105 5 461
132 0 382
52 192 461
45 321 461
62 0 453
26 111 400
8 762
11 34 762
47 0 687
73 0 591
51 215 680
22 0 647
57 0 741
72 51 360
45 89 425
50 96650
100000 69037 96650
25487 0 86237
39640 0 52868
29771 29890 96650
22707 8244 96650
30066 0 53533
55320 16053 96650
87888 0 88982
67877 0 87623
33157 52756 80956
61094 0 94840
94917 8695 86597
64098 13611 96650
35233 10140 96650
57021 0 84064
93234 29203 96650
75342 31997 96650
41840 0 86462
418 22082 96650
15681 41422 96650
29233 0 55240
42599 17018 96650
94142 29713 52961
80948 0 94101
50183 0 86687
18125 38871 96650
29812 31305 96595
95970 14654 96650
91047 0 93274
59496 35224 96650
52807 14419 72171
26683 6478 96650
2970 0 91157
50652 0 78889
11420 20710 96650
2463 0 73200
88708 0 76942
49448 1574 31434
22640 0 95838
48806 10854 96650
59667 32024 96650
69108 0 87094
26785 69041 95222
78582 0 43910
36803 0 87114
57888 0 86823
30038 28416 68768
65727 42994 96650
60454 0 58557
12124 11764 96650
3 482
11 105 482
0 0 265
4 28 482
38 708
30 0 525
10 25 708
54 203 586
27 158 708
15 0 626
13 0 522
49 0 534
47 365 708
9 114 708
34 268 654
11 0 621
51 0 658
14 0 575
33 441 708
36 301 708
16 0 654
24 0 480
39 159 708
44 0 603
20 0 270
50 17 708
19 0 662
26 290 708
21 253 708
17 76 708
48 0 707
2 272 708
40 304 492
6 0 434
7 52 708
42 275 708
5 0 226
38 0 576
52 0 570
22 56 708
43 177 445
4 11 437
0 0 332
6 687
28 478 687
60 227 687
10 0 626
77 247 687
64 0 407
19 62 687
50 442
31 0 235
7 123 362
23 40 312
73 255 372
78 233 442
22 0 259
4 128 442
86 18 442
0 143 442
5 30 129
15 187 308
49 0 367
58 217 442
19 119 442
20 203 442
33 0 363
88 84 442
14 20 442
57 159 439
27 0 346
3 57 442
51 0 220
32 94 442
64 0 207
36 0 330
38 56 442
35 0 431
45 317 442
37 152 442
28 97 442
42 0 412
12 59 392
65 1 442
84 0 201
29 0 365
34 0 413
30 108 442
66 36 419
2 107 442
6 246 442
52 4 442
82 0 345
59 81 442
24 225 421
39 0 422
26 0 401
47 47 442
83 98 297
44 0 394
53 0 369
40 323
85 23 323
81 1 323
28 0 272
72 34 323
39 142 323
37 0 259
40 77 302
54 0 198
12 82 323
31 137 323
7 30 323
77 0 283
80 86 173
2 6 185
78 0 223
56 3 323
21 0 233
9 0 250
70 0 323
68 83 220
65 160 323
46 1 323
31 1 126
50 54 323
4 0 241
15 200 323
26 0 175
49 0 314
75 0 275
29 0 94
44 100 176
34 135 278
16 225 323
64 14 323
8 13 323
89 73 323
43 154 323
1 111 323
17 98 323
58 0 267
50 99202
100000 0 96169
53116 50488 74909
23357 18780 99202
93787 9103 99202
77257 34264 95152
53650 55301 99202
2000 0 68636
6898 73147 99131
12900 0 33902
12858 32036 99202
65546 45191 99202
77980 0 95882
41097 0 73031
48945 0 71642
66955 51038 99202
50071 16696 99202
10494 61371 99202
67434 27037 99202
38739 0 90799
19152 16484 99202
27051 0 79043
10760 24800 99202
79707 0 58702
98486 0 60459
82801 0 84683
4012 25667 99202
19910 15157 99202
30982 0 39906
38436 29222 99202
31404 67062 97488
60985 6555 34890
35033 5793 99202
22290 0 84025
60104 36758 57780
69717 0 88052
81327 17662 42294
10245 0 56466
36295 0 76587
53402 13361 39744
8640 12064 92188
72535 17499 99202
72847 38181 90175
10876 31436 85085
93953 0 48837
89083 5610 37974
41329 11393 99202
6862 0 80494
28833 0 80754
40353 4486 93115
87949 6530 99202
19 65
63 11 65
3 1 65
46 7 65
37 33 57
24 0 62
27 0 51
80 2 65
35 13 46
30 0 59
58 0 60
70 2 62
13 4 26
68 0 60
25 1 45
73 0 42
31 1 65
19 44 65
2 0 24
56 0 48
23 206
62 19 206
43 65 205
6 0 175
69 0 172
1 0 161
72 133 189
33 93 206
35 38 206
29 29 206
34 98 206
70 58 206
57 82 206
75 0 193
46 3 206
82 37 206
4 0 198
60 0 172
83 0 176
80 0 57
59 0 79
42 62 205
85 11 206
30 71 188
10 391
16 0 208
9 177 391
20 10 391
5 13 354
3 0 347
25 47 391
11 203 332
26 0 350
1 43 391
29 183 333
16 305
2 17 305
25 165 305
10 102 305
90 0 299
86 57 305
64 31 305
40 0 305
83 0 216
109 1 305
54 0 214
103 140 305
27 10 255
39 42 305
79 0 127
98 15 216
13 90 305
3 151
5 71 151
15 49 151
2 25 148
40 506
30 0 403
4 0 491
42 8 506
29 69 506
26 0 274
28 33 506
44 0 329
0 19 247
24 0 337
45 0 501
1 143 471
35 0 238
23 0 480
11 0 293
19 0 227
8 162 363
2 46 465
43 0 490
52 113 506
46 0 265
50 63 506
40 0 449
20 25 506
16 68 366
32 0 379
19 230 506
27 48 506
6 0 380
13 53 439
14 0 203
49 65 506
5 0 506
18 81 506
47 0 475
37 241 488
15 143 506
10 213 356
21 46 506
31 60 506
3 81 506
44 394
48 45 394
88 0 239
105 0 157
126 0 236
82 180 394
47 0 113
31 0 156
76 74 394
78 0 197
54 102 203
128 0 386
18 42 394
79 119 394
100 94 394
62 56 342
122 221 394
32 0 151
59 77 394
40 42 143
131 55 379
93 0 338
49 222 394
56 119 301
117 171 394
83 116 394
99 0 328
41 0 258
7 257 394
22 0 148
50 0 303
57 37 226
75 0 393
102 110 394
77 0 375
19 176 394
85 15 394
70 170 394
34 13 205
133 131 394
30 69 394
35 150 382
125 0 373
9 0 244
46 0 187
10 29
7 0 25
26 8 29
2 7 29
15 12 29
25 8 29
13 0 28
18 20 25
8 21 29
14 11 16
31 14 29
25 259
56 0 104
82 68 137
48 0 242
89 84 259
42 0 135
101 17 259
40 64 217
49 32 259
79 0 248
10 2 195
90 0 177
33 11 259
80 42 259
28 31 191
92 74 159
62 68 259
14 121 259
29 0 207
21 0 164
11 0 163
98 47 259
59 15 259
65 43 259
30 77 259
56 198 259
44 567
53 428 567
47 169 567
77 32 567
45 33 226
17 0 491
43 112 567
80 0 431
74 215 486
40 0 341
9 327 567
62 47 567
13 0 300
32 346 567
66 46 531
4 171 567
81 308 567
26 29 567
3 63 567
54 203 567
29 0 498
73 211 567
6 106 567
70 0 199
78 0 488
71 113 424
21 359 567
23 86 309
24 0 406
68 0 522
72 332 567
33 0 411
20 34 567
59 316 560
0 0 505
25 0 567
69 0 401
65 261 567
11 366 567
50 1 567
41 98 567
18 107 476
5 0 326
70 229 567
7 20 567
50 971
51 0 728
18 335 971
32 47 971
41 0 850
49 38 971
8 0 919
0 189 971
40 225 971
29 0 611
6 456 971
59 64 971
5 82 680
34 144 971
35 169 971
48 0 794
36 33 971
53 134 971
17 0 558
25 42 594
50 248 971
31 0 961
47 330 971
55 0 586
65 0 215
2 40 971
39 4 971
11 345 971
52 216 971
43 265 881
27 0 865
58 0 857
15 128 971
10 0 898
30 75 971
20 92 971
54 0 724
4 138 971
12 117 971
63 71 500
1 50 971
3 0 678
65 472 971
60 424 859
38 0 461
22 84 971
62 0 897
19 0 964
24 0 562
45 0 691
7 0 650
50 99837
100000 0 95815
93913 0 66977
2104 17849 99837
48320 49218 99837
7304 0 80739
43258 16624 61903
72280 0 70319
71766 59713 99837
57014 0 46914
78458 8080 99837
58255 15169 62119
82680 0 60629
82281 0 88526
83391 0 67590
15494 25510 51765
43151 0 79307
41441 0 89911
92180 0 75850
75545 0 76272
86796 34804 87458
16858 0 77438
58711 62767 99837
8106 40721 99837
69693 43016 99837
98413 53867 99837
91880 74245 95247
61423 0 48298
43982 46526 69398
6568 0 78679
87471 69091 99837
92154 45282 99837
22638 0 55238
35028 0 47487
53516 29177 99837
2037 46741 99837
63782 0 75575
55030 0 94078
26792 0 63517
69823 16452 99837
75893 0 88108
12290 0 99360
41477 11793 99837
95930 46512 99837
15996 0 76999
22406 21739 99837
67211 0 35852
68589 5451 99837
2600 42828 99837
85115 0 58234
21559 32038 99837
2 4
0 0 3
1 1 4
36 410
21 0 375
41 111 410
58 35 410
60 0 235
68 0 369
30 47 177
46 0 282
11 23 410
40 0 229
27 68 384
45 245 410
39 0 396
10 0 267
54 0 403
65 0 379
35 35 410
42 0 388
55 159 308
3 0 407
5 191 410
9 0 217
49 203 410
70 0 400
19 5 410
16 0 321
67 146 405
18 0 303
0 0 293
7 124 410
62 2 410
50 143 410
59 0 148
17 0 408
48 12 410
37 0 137
31 49 265
25 633
27 0 595
18 0 425
41 309 633
58 412 633
60 31 500
9 145 291
22 272 633
24 159 633
46 109 633
7 0 366
3 0 357
16 150 633
1 0 434
53 343 633
30 270 633
20 0 519
62 119 633
17 82 633
49 0 486
57 0 423
8 268 633
4 478 633
5 239 633
28 0 497
66 0 585
27 843
38 149 843
19 0 817
24 0 641
26 188 843
22 0 711
40 0 743
12 0 212
11 56 843
5 0 633
39 0 788
41 0 843
13 361 675
33 53 843
47 365 843
28 274 843
44 195 843
35 89 843
8 54 843
18 265 843
20 0 562
27 0 347
17 194 432
32 302 843
9 90 843
14 53 843
3 27 843
43 0 836
50 100000
100000 25697 100000
96114 0 75919
55020 45840 100000
12712 30014 100000
8973 0 62582
36320 6906 56362
66239 36919 100000
98030 50788 100000
36614 0 56722
6471 46773 91136
97823 59309 100000
38506 0 72487
69706 0 97253
75371 46851 99114
71451 21863 100000
41964 21457 100000
82415 0 99442
83585 0 73981
55014 0 100000
8483 54911 82330
62819 18776 38932
92868 28387 100000
41311 0 65188
83336 15898 56458
2864 0 55258
75766 0 77956
40160 1301 100000
46238 16980 100000
75249 51257 100000
7754 22034 55502
19835 0 91045
6406 0 93733
94401 37861 100000
10218 0 50747
25496 0 59498
49929 52410 82083
88840 419 26105
47287 0 97402
34402 48022 81453
95982 0 38149
94061 4309 74476
91984 23971 70310
21500 0 80809
59436 0 57030
53720 0 40937
63724 23903 100000
44995 0 76747
16687 0 65194
59953 0 83332
16243 8047 60955
46 381
64 249 341
1 80 381
16 80 381
9 0 355
55 0 285
7 60 276
2 0 183
43 0 360
49 142 381
51 103 349
8 0 381
20 54 381
56 0 190
45 167 381
59 80 381
24 0 304
5 247 381
52 22 381
3 62 381
41 0 365
12 126 381
21 0 263
62 0 367
32 223 358
23 50 381
25 82 381
19 12 381
39 0 364
14 101 381
53 4 381
17 202 381
61 0 151
54 103 325
31 167 381
29 0 91
10 91 381
5 52 171
4 169 324
40 0 299
46 64 381
29 237 329
57 0 303
26 0 198
2 211 381
34 221 362
0 113 270
37 582
13 77 582
21 0 240
32 5 582
18 0 537
55 78 582
9 226 367
6 240 582
40 0 393
28 405 582
16 0 406
8 128 582
17 0 481
22 0 463
49 156 582
33 0 429
36 353 582
3 0 556
51 209 469
42 219 582
52 0 428
58 18 582
26 103 582
59 149 361
39 0 343
0 0 582
41 92 466
47 303 570
43 215 582
4 0 510
1 0 531
24 39 582
14 78 582
45 191 391
34 5 582
46 148 382
25 0 267
30 155 526
25 452
33 0 441
100 200 452
54 180 299
111 113 452
88 101 452
110 50 452
115 0 293
104 278 452
107 212 452
31 0 335
13 0 361
56 98 452
124 125 452
24 218 452
51 29 452
53 0 297
27 59 452
20 122 452
121 0 263
5 89 290
49 168 365
105 0 283
36 11 113
32 0 434
79 176 273
15 808
114 29 808
24 44 701
121 329 735
51 545 808
88 0 372
97 608 808
109 0 381
106 522 808
21 107 808
55 55 808
7 271 808
65 0 394
117 0 698
13 26 808
122 383 713
39 610
96 0 171
72 149 315
125 428 610
26 0 539
106 0 544
65 160 610
92 0 591
24 0 329
66 0 528
124 1 610
67 46 610
41 0 549
97 0 425
137 0 597
75 0 338
129 146 459
77 0 540
6 0 568
107 24 610
53 0 575
85 295 610
127 0 461
99 52 610
133 125 468
103 0 543
83 0 490
22 104 610
94 216 610
1 129 610
113 0 312
78 0 531
12 0 543
4 0 233
37 310 610
108 0 475
125 0 418
47 369 610
63 199 444
4 234 610
